1.094431802630424500e-02
-2.237170748412609100e-02
-2.735748887062072754e-02
-4.609212651848793030e-02
-3.343618940562009811e-03
-5.460071936249732971e-02
1.013938989490270615e-02
-4.680685698986053467e-02
-2.871793229132890701e-03
-3.378353640437126160e-02
-2.260239794850349426e-02
-2.260239794850349426e-02
-2.260239794850349426e-02
-2.260239794850349426e-02
-2.260239794850349426e-02
-1.540869101881980896e-02
3.982275724411010742e-03
-3.750932216644287109e-02
-1.367230340838432312e-02
-8.374123275279998779e-02
-4.079481121152639389e-03
-3.428422287106513977e-02
-7.294532377272844315e-03
-3.025509789586067200e-02
-3.609659522771835327e-02
-1.695383340120315552e-02
